,0
0,"tensor([[[[8.5739e-01, 6.2784e-01, 1.0376e+00,  ..., 3.8204e-01,
           8.9359e-01, 7.8409e-01],
          [5.7846e-01, 4.7506e-01, 5.7386e-01,  ..., 2.7686e-01,
           0.0000e+00, 0.0000e+00],
          [4.7996e-01, 2.6962e-01, 1.0792e-01,  ..., 3.4689e-01,
           7.7971e-02, 0.0000e+00],
          ...,
          [6.4138e-01, 1.0979e-01, 4.9199e-01,  ..., 0.0000e+00,
           0.0000e+00, 3.1247e-02],
          [2.7154e-01, 0.0000e+00, 0.0000e+00,  ..., 0.0000e+00,
           0.0000e+00, 0.0000e+00],
          [0.0000e+00, 0.0000e+00, 0.0000e+00,  ..., 0.0000e+00,
           0.0000e+00, 1.1912e-01]],

         [[1.0027e+00, 8.0501e-01, 6.6131e-01,  ..., 8.7269e-01,
           1.2265e+00, 4.0504e-01],
          [3.1065e-01, 2.1520e-01, 5.0644e-02,  ..., 7.5996e-02,
           1.7797e-01, 0.0000e+00],
          [4.6574e-01, 4.9819e-01, 1.5623e-01,  ..., 5.3990e-01,
           5.9298e-01, 1.5686e-01],
          ...,
          [2.0921e-01, 0.0000e+00, 0.0000e+00,  ..., 0.0000e+00,
           0.0000e+00, 0.0000e+00],
          [1.1042e-03, 0.0000e+00, 0.0000e+00,  ..., 0.0000e+00,
           0.0000e+00, 0.0000e+00],
          [2.7238e-01, 0.0000e+00, 5.3210e-02,  ..., 0.0000e+00,
           2.0936e-01, 0.0000e+00]],

         [[0.0000e+00, 0.0000e+00, 0.0000e+00,  ..., 0.0000e+00,
           0.0000e+00, 4.7595e-01],
          [0.0000e+00, 0.0000e+00, 0.0000e+00,  ..., 0.0000e+00,
           0.0000e+00, 2.8827e-01],
          [0.0000e+00, 0.0000e+00, 0.0000e+00,  ..., 0.0000e+00,
           2.9576e-01, 3.7057e-01],
          ...,
          [0.0000e+00, 0.0000e+00, 0.0000e+00,  ..., 0.0000e+00,
           0.0000e+00, 4.3240e-02],
          [0.0000e+00, 0.0000e+00, 0.0000e+00,  ..., 0.0000e+00,
           0.0000e+00, 0.0000e+00],
          [0.0000e+00, 0.0000e+00, 0.0000e+00,  ..., 0.0000e+00,
           0.0000e+00, 0.0000e+00]],

         ...,

         [[3.6134e-01, 1.3262e-01, 0.0000e+00,  ..., 0.0000e+00,
           0.0000e+00, 0.0000e+00],
          [0.0000e+00, 5.5399e-03, 0.0000e+00,  ..., 0.0000e+00,
           0.0000e+00, 0.0000e+00],
          [0.0000e+00, 0.0000e+00, 0.0000e+00,  ..., 0.0000e+00,
           0.0000e+00, 0.0000e+00],
          ...,
          [0.0000e+00, 7.5618e-01, 8.1639e-01,  ..., 0.0000e+00,
           0.0000e+00, 0.0000e+00],
          [0.0000e+00, 2.0292e+00, 2.5981e+00,  ..., 0.0000e+00,
           0.0000e+00, 0.0000e+00],
          [0.0000e+00, 1.2233e+00, 1.4728e+00,  ..., 0.0000e+00,
           3.2365e-01, 1.4043e-01]],

         [[4.2921e-01, 2.4225e-01, 1.8727e-01,  ..., 2.7231e-01,
           2.3975e-01, 5.3502e-01],
          [1.5805e-01, 0.0000e+00, 6.3582e-02,  ..., 1.0228e-01,
           1.7975e-01, 3.0876e-01],
          [3.8260e-01, 3.5087e-01, 4.8290e-01,  ..., 3.9454e-01,
           3.8508e-01, 5.0308e-01],
          ...,
          [2.5877e-01, 7.3432e-02, 4.0983e-01,  ..., 5.7831e-01,
           2.5045e-01, 3.0761e-01],
          [2.2145e-01, 0.0000e+00, 1.0612e-01,  ..., 4.2243e-01,
           2.7105e-01, 3.7693e-01],
          [6.3540e-01, 1.7883e-01, 2.4831e-01,  ..., 8.8795e-01,
           4.8844e-01, 5.7736e-01]],

         [[2.8826e-01, 0.0000e+00, 9.6234e-02,  ..., 1.5261e-01,
           3.2566e-01, 7.6360e-01],
          [0.0000e+00, 0.0000e+00, 0.0000e+00,  ..., 0.0000e+00,
           0.0000e+00, 3.9237e-01],
          [1.3406e-01, 0.0000e+00, 0.0000e+00,  ..., 3.0576e-01,
           2.0577e-01, 4.3761e-01],
          ...,
          [0.0000e+00, 1.1721e-01, 0.0000e+00,  ..., 0.0000e+00,
           0.0000e+00, 0.0000e+00],
          [0.0000e+00, 0.0000e+00, 0.0000e+00,  ..., 0.0000e+00,
           0.0000e+00, 1.9431e-02],
          [1.1694e-01, 4.8197e-01, 0.0000e+00,  ..., 0.0000e+00,
           0.0000e+00, 0.0000e+00]]]])"
1,"tensor([[[[0.5953, 0.0226, 0.6526,  ..., 0.3700, 0.4104, 0.5002],
          [0.2165, 0.0000, 0.1289,  ..., 0.0000, 0.0174, 0.0730],
          [0.3654, 0.0408, 0.2538,  ..., 0.1418, 0.4133, 0.3755],
          ...,
          [0.4200, 0.0000, 0.4103,  ..., 0.0210, 0.0033, 0.1409],
          [0.4336, 0.0000, 0.3920,  ..., 0.1356, 0.0077, 0.1078],
          [0.5472, 0.0250, 0.3357,  ..., 0.0791, 0.1063, 0.2673]],

         [[0.0348, 0.1552, 0.0000,  ..., 0.2074, 0.2230, 0.1578],
          [0.2235, 0.3288, 0.0824,  ..., 0.1855, 0.2621, 0.2027],
          [0.0951, 0.0845, 0.0000,  ..., 0.0000, 0.0182, 0.0624],
          ...,
          [0.1948, 0.0350, 0.1010,  ..., 0.0671, 0.3482, 0.3904],
          [0.2265, 0.2641, 0.3852,  ..., 0.0771, 0.2188, 0.3198],
          [0.3334, 0.3819, 0.3570,  ..., 0.0000, 0.0000, 0.0367]],

         [[0.5225, 0.0000, 0.1701,  ..., 0.0000, 0.0928, 0.1864],
          [0.3537, 0.0000, 0.2243,  ..., 0.0000, 0.0389, 0.1128],
          [0.3083, 0.0000, 0.4076,  ..., 0.0000, 0.1055, 0.3146],
          ...,
          [0.3510, 0.0000, 0.1905,  ..., 0.0000, 0.0459, 0.2323],
          [0.5396, 0.0000, 0.3085,  ..., 0.0853, 0.2350, 0.3450],
          [0.5406, 0.0798, 0.2980,  ..., 0.0575, 0.0777, 0.1826]],

         ...,

         [[0.0000, 0.0000, 0.0000,  ..., 0.0544, 0.0246, 0.0615],
          [0.1455, 0.0000, 0.0621,  ..., 0.3175, 0.0000, 0.0647],
          [0.3069, 0.1852, 0.2730,  ..., 0.1987, 0.0000, 0.1151],
          ...,
          [0.0974, 0.0000, 0.0148,  ..., 0.0852, 0.0000, 0.1884],
          [0.0536, 0.0000, 0.0000,  ..., 0.1184, 0.0000, 0.2392],
          [0.1637, 0.0000, 0.0000,  ..., 0.0045, 0.0000, 0.1386]],

         [[0.3506, 0.1575, 0.4868,  ..., 0.0000, 0.0798, 0.0172],
          [0.6195, 0.3120, 0.6324,  ..., 0.4321, 0.6909, 0.4630],
          [0.0409, 0.0000, 0.1874,  ..., 0.0000, 0.0000, 0.0979],
          ...,
          [0.2441, 0.2546, 0.3546,  ..., 0.2662, 0.4594, 0.2233],
          [0.1287, 0.0000, 0.1106,  ..., 0.0000, 0.2030, 0.1003],
          [0.1500, 0.2543, 0.3418,  ..., 0.0584, 0.1061, 0.0000]],

         [[0.1444, 0.0139, 0.0291,  ..., 0.0000, 0.0000, 0.1248],
          [0.0000, 0.0000, 0.0000,  ..., 0.0000, 0.0000, 0.0000],
          [0.0000, 0.0000, 0.1484,  ..., 0.0000, 0.0000, 0.0000],
          ...,
          [0.0000, 0.0000, 0.0245,  ..., 0.2611, 0.0000, 0.0000],
          [0.0000, 0.0000, 0.0000,  ..., 0.0000, 0.0000, 0.0000],
          [0.1516, 0.2430, 0.2655,  ..., 0.3014, 0.3077, 0.2518]]]])"
2,"tensor([[[[0.0000, 0.0000, 0.0000,  ..., 0.0000, 0.0000, 0.0142],
          [0.0000, 0.0000, 0.0000,  ..., 0.0000, 0.0000, 0.0000],
          [0.0000, 0.0000, 0.0000,  ..., 0.0000, 0.0000, 0.0000],
          ...,
          [0.0000, 0.0833, 0.4739,  ..., 0.1233, 0.2649, 0.3254],
          [0.0000, 0.1942, 0.4863,  ..., 0.1572, 0.3225, 0.4607],
          [0.0193, 0.1931, 0.4115,  ..., 0.2332, 0.2597, 0.3475]],

         [[0.2162, 0.2617, 0.1134,  ..., 0.0191, 0.0126, 0.1413],
          [0.0559, 0.0000, 0.0000,  ..., 0.0000, 0.0000, 0.0000],
          [0.0569, 0.0000, 0.0000,  ..., 0.0797, 0.0000, 0.0498],
          ...,
          [0.0000, 0.0000, 0.0000,  ..., 0.0000, 0.0000, 0.0000],
          [0.0000, 0.0000, 0.0000,  ..., 0.0000, 0.0000, 0.0000],
          [0.0000, 0.0000, 0.0000,  ..., 0.0628, 0.0196, 0.0041]],

         [[0.5008, 0.3130, 0.2856,  ..., 0.1094, 0.1719, 0.3528],
          [0.2024, 0.0000, 0.0000,  ..., 0.0000, 0.0000, 0.0077],
          [0.2851, 0.2653, 0.2484,  ..., 0.0654, 0.0000, 0.0362],
          ...,
          [0.1367, 0.0727, 0.3378,  ..., 0.0000, 0.0000, 0.1898],
          [0.0783, 0.0282, 0.1181,  ..., 0.0000, 0.0000, 0.0510],
          [0.2378, 0.0623, 0.0000,  ..., 0.0000, 0.0000, 0.1921]],

         ...,

         [[0.2381, 0.1939, 0.2778,  ..., 0.0483, 0.1249, 0.1333],
          [0.0518, 0.0567, 0.0000,  ..., 0.0000, 0.0723, 0.0000],
          [0.1371, 0.0000, 0.0000,  ..., 0.0000, 0.0000, 0.0000],
          ...,
          [0.0642, 0.0792, 0.0000,  ..., 0.0000, 0.1932, 0.1105],
          [0.1262, 0.1216, 0.0000,  ..., 0.0000, 0.2464, 0.1924],
          [0.0000, 0.0823, 0.0000,  ..., 0.0000, 0.0880, 0.1164]],

         [[0.2604, 0.2536, 0.1274,  ..., 0.1408, 0.1103, 0.4800],
          [0.2609, 0.1738, 0.0000,  ..., 0.0000, 0.0000, 0.2585],
          [0.1549, 0.0000, 0.0000,  ..., 0.0000, 0.0000, 0.1859],
          ...,
          [0.0088, 0.0000, 0.0000,  ..., 0.0000, 0.0000, 0.0607],
          [0.0000, 0.0000, 0.0000,  ..., 0.0000, 0.0000, 0.0000],
          [0.0217, 0.0000, 0.0000,  ..., 0.0000, 0.0000, 0.0237]],

         [[0.1017, 0.1537, 0.1190,  ..., 0.0000, 0.0000, 0.0000],
          [0.0000, 0.1394, 0.0000,  ..., 0.0000, 0.0000, 0.0000],
          [0.0485, 0.1565, 0.0000,  ..., 0.0000, 0.0000, 0.0000],
          ...,
          [0.2468, 0.6507, 0.5016,  ..., 0.0000, 0.0000, 0.0000],
          [0.2285, 0.5822, 0.3789,  ..., 0.0000, 0.0602, 0.0000],
          [0.3155, 0.5873, 0.4983,  ..., 0.0000, 0.0850, 0.0135]]]])"
